2.50 1.00 0.00
3.75 3.71 0.30
5.71 5.31 1.92
7.36 6.68 4.02
9.77 7.28 5.70
12.30 8.76 6.32
13.24 10.75 7.97
14.90 11.82 11.30
14.66 12.46 11.75
18.36 12.48 13.24
20.36 13.12 15.39
23.70 12.33 16.99
25.94 11.93 18.95
28.63 12.62 17.01
30.52 15.48 17.53
32.90 16.75 20.46
36.30 18.01 20.55
35.18 20.19 22.28
36.99 22.53 22.79
39.02 25.46 24.39
41.50 26.83 23.40
43.96 26.65 22.10
47.32 26.86 22.64
49.27 27.23 22.11
50.17 30.06 21.70
49.77 32.81 22.84
49.95 35.80 22.72
48.31 38.60 23.71
51.03 41.44 23.05
53.24 44.14 24.59
54.33 46.80 23.75
54.36 48.74 23.64
54.09 50.48 21.82
55.18 51.92 19.42
53.27 52.05 17.11
51.84 53.14 14.13
49.88 52.99 11.86
51.96 55.16 11.79
53.72 56.22 9.60
54.21 53.84 7.84
53.11 54.58 5.15
52.93 56.91 3.26
