2.50 1.00 0.00
4.55 2.98 0.93
6.15 5.12 2.29
8.19 7.32 2.43
9.78 9.50 3.74
10.23 10.99 6.30
12.31 12.92 7.28
11.61 15.35 8.90
13.87 16.94 8.87
16.51 15.83 9.76
19.12 14.37 9.98
20.96 16.55 10.91
23.08 16.75 13.03
26.07 16.53 13.02
28.27 18.43 12.28
30.46 19.77 13.83
33.39 19.28 14.21
36.22 19.22 15.21
36.70 21.23 17.39
36.41 23.97 16.21
36.49 26.90 15.55
38.54 28.89 16.44
40.61 31.04 16.12
41.02 32.57 18.66
39.97 34.83 20.33
37.98 36.32 22.02
37.82 39.30 21.69
38.90 40.69 19.26
40.09 43.23 18.20
40.84 45.67 16.63
42.63 46.21 14.28
41.67 44.91 11.76
43.36 46.27 9.68
44.49 48.42 7.94
43.99 51.31 7.29
45.41 53.91 7.79
47.60 55.68 8.81
49.93 55.49 6.93
52.00 56.23 4.89
54.70 54.98 5.32
56.67 56.78 3.94
