2.50 0.00 3
3.84 2.68 3
6.80 3.17 3
8.90 5.31 3
11.58 6.67 3
14.52 7.22 3
17.25 8.48 3
20.24 8.59 3
23.17 7.91 3
25.89 9.17 3
28.89 9.25 3
31.87 8.89 3
34.81 8.33 3
37.71 7.54 3
39.75 5.34 3 
42.21 3.63 3
45.08 4.50 3
47.50 6.28 3
47.94 9.25 3
50.93 9.01 3
53.08 11.10 3
53.05 14.10 3
51.70 16.78 3
49.15 18.36 3
46.27 17.52 3 
43.34 16.85 3
40.51 17.83 3
37.51 17.94 3
34.61 17.16 3
31.62 16.98 3
28.65 16.54 3
26.25 18.33 3
23.51 17.11 3
20.83 18.48 3
17.90 17.85 3
15.10 16.79 3
12.15 17.37 3
9.17 17.02 3
6.79 18.84 3
6.72 21.84 3
8.28 24.39 3
7.93 27.37 3
6.36 29.93 3
7.15 32.82 3
8.68 35.40 3
11.40 34.14 3
14.18 35.28 3
16.95 36.41 3
18.98 34.20 3
21.88 34.97 3
24.88 34.99 3
25.00 31.99 3
28.00 32.02 3
30.85 32.97 3
33.25 34.76 3
35.59 36.64 3
38.50 37.37 3
41.36 38.29 3
44.32 37.83 3
46.81 36.15 3
49.05 38.14 3
52.05 38.08 3
51.97 41.08 3
51.98 44.08 3
51.16 46.96 3
50.58 49.91 3
47.84 51.14 3
48.01 54.13 3
50.75 55.35 3
48.59 57.43 3
51.46 56.55 3
 