2.50 0.00 3
4.67 2.07 3
4.99 5.06 3
4.67 8.04 3
7.32 9.46 3
10.32 9.42 3
13.31 9.46 3
16.30 9.18 3
19.15 8.24 3
22.06 7.50 3
25.04 7.18 3
27.10 9.36 3
29.82 8.09 3
32.69 8.96 3
34.97 7.01 3
37.94 6.60 3
40.41 4.89 3
43.39 5.23 3
45.35 7.50 3
48.09 8.71 3
51.09 8.81 3
51.65 11.76 3
51.68 14.76 3
51.35 17.74 3
48.35 17.86 3 
45.35 17.94 3
42.35 17.96 3
39.62 16.73 3
36.72 17.49 3
33.83 16.66 3
31.27 18.23 3
28.44 17.22 3 
25.45 17.13 3
22.50 17.71 3
19.51 17.96 3
16.51 17.99 3
13.90 16.51 3
11.51 18.32 3
8.51 18.15 3 
5.67 19.10 3
3.59 21.26 3
4.20 24.20 3
6.65 25.93 3
7.66 28.76 3
6.83 31.64 3
9.13 33.57 3
11.94 34.61 3
13.98 36.81 3
16.89 36.06 3
19.50 37.54 3
22.11 36.07 3
24.04 38.36 3
27.03 38.09 3
28.23 35.34 3
31.02 36.44 3
33.30 38.39 3
36.30 38.29 3
39.29 37.97 3
42.28 38.10 3
43.25 35.26 3
46.22 34.82 3
49.22 34.88 3
51.73 36.52 3
51.80 39.52 3
51.84 42.52 3
53.42 45.07 3
51.59 47.44 3
50.91 50.37 3
48.73 52.43 3
50.00 55.14 3