2.50 0.00 3
3.30 2.89 3
5.21 5.21 3
8.21 5.13 3
10.19 7.38 3
13.17 7.02 3
15.05 9.36 3
17.96 8.66 3
20.81 7.72 3
23.49 9.07 3
26.36 8.22 3
29.09 9.47 3
31.94 8.55 3
34.84 9.33 3
37.84 9.24 3
40.74 8.49 3
43.21 6.78 3
46.14 7.42 3
46.06 4.42 3
48.80 3.19 3
51.80 3.06 3
54.61 4.11 3
55.01 7.08 3
55.25 10.07 3
57.06 12.46 3
56.51 15.41 3
56.47 18.41 3
54.20 16.45 3
51.29 17.17 3
48.29 17.08 3
45.32 17.51 3
42.34 17.22 3
39.40 17.85 3
36.42 18.21 3
33.44 18.49 3
30.59 17.54 3
27.60 17.29 3
24.80 18.37 3
22.26 16.79 3
19.30 17.29 3
16.50 18.36 3
13.84 16.97 3
11.12 18.23 3
8.14 18.51 3
7.85 21.50 3
8.01 24.50 3
7.03 27.33 3
8.39 30.00 3
7.00 32.66 3
5.74 35.38 3
7.51 37.81 3
10.46 38.32 3
13.21 37.11 3
16.02 38.16 3
18.96 37.54 3
21.87 38.25 3
24.87 38.18 3 
27.77 37.40 3
28.97 34.65 3
31.79 35.68 3
34.53 34.45 3
37.52 34.32 3
40.52 34.54 3
43.52 34.64 3
46.47 34.10 3
49.34 34.97 3
51.17 37.34 3
53.58 35.55 3
56.34 36.72 3
57.37 39.54 3
57.52 42.53 3
58.10 45.48 3
56.60 48.07 3
53.66 48.66 3
54.54 51.53 3 
54.29 54.52 3
51.36 55.14 3
48.55 54.07 3