2.50 0.00 3 
4.54 2.20 3 
4.27 5.19 3
7.22 5.75 3
8.07 8.63 3
11.05 8.28 3
14.05 8.17 3
16.95 8.95 3 
19.94 8.80 3
22.90 9.31 3
25.89 9.03 3
28.75 8.13 3
31.70 8.64 3
34.59 7.84 3
37.54 8.38 3
39.45 6.07 3
42.45 5.93 3
44.88 7.69 3
47.12 5.69 3
49.85 6.93 3
51.66 9.32 3
52.12 12.29 3
51.57 15.24 3
51.48 18.23 3
48.49 18.15 3
45.51 18.49 3
42.52 18.17 3
39.53 18.02 3
36.71 16.99 3
33.71 17.00 3
30.74 17.44 3
27.89 18.38 3
25.19 17.09 3
22.23 17.61 3
19.33 18.38 3
16.35 18.04 3
13.36 18.32 3
10.44 17.64 3
8.21 19.64 3
7.54 22.56 3
7.79 25.55 3
6.58 28.30 3
5.89 31.22 3
8.69 32.31 3
10.93 34.30 3
12.15 37.05 3
14.99 37.99 3
17.36 36.15 3
19.29 33.85 3
22.24 33.32 3
24.61 35.15 3
27.20 36.68 3
29.13 34.39 3
32.13 34.29 3
35.11 33.97 3
37.37 35.94 3
39.85 37.63 3
42.48 36.19 3
44.82 38.06 3
47.82 37.98 3
50.72 37.21 3
51.99 39.93 3
53.72 42.37 3
53.95 45.36 3
53.53 48.33 3
50.54 48.57 3
47.54 48.72 3
50.10 50.28 3
52.32 52.29 3
52.06 55.28 3
54.65 56.80 3
55.22 53.85 3
52.24 54.21 3