2.50 0.00 0.90
5.93 1.41 0.90
9.48 2.11 0.90
11.68 2.58 0.90
14.70 3.51 0.90
18.39 4.00 0.90
22.10 4.87 0.90
25.37 6.72 0.90
26.88 7.31 0.90
30.26 8.23 0.90
32.90 8.18 0.90
36.29 8.50 0.90
38.56 8.68 0.90
41.82 8.63 0.90
44.24 8.35 0.90
47.74 7.82 0.90
50.14 9.46 0.90
52.40 12.31 0.90
52.51 16.22 0.90
49.71 17.32 0.90
46.77 16.77 0.90
43.76 16.78 0.90
40.87 17.60 0.90
38.35 17.89 0.90
35.36 18.14 0.90
32.59 17.85 0.90
29.60 18.02 0.90
26.63 17.56 0.90
23.64 17.34 0.90
20.64 17.19 0.90
17.69 16.66 0.90
14.92 17.80 0.90
11.92 18.01 0.90
9.02 17.26 0.90
8.36 20.19 0.90
8.06 21.61 0.90
7.73 24.96 0.90
7.96 28.69 0.90
7.79 30.47 0.90
10.90 32.62 0.90
12.66 33.64 0.90
15.38 33.12 0.90
18.20 33.25 0.90
21.33 33.39 0.90
24.53 32.84 0.90
28.22 32.04 0.90
32.12 32.89 0.90
33.95 33.11 0.90
33.95 33.11 0.90
36.80 33.92 0.90
38.95 33.53 0.90
41.95 33.37 0.90
43.45 34.56 0.90
46.33 35.69 0.90
49.05 36.95 0.90
50.69 37.51 0.90
52.28 40.05 0.90
51.80 42.27 0.90
51.81 45.40 0.90
51.36 47.14 0.90
50.88 49.37 0.90
51.03 52.90 0.90
