2.50 0.00 0.90
4.39 0.40 0.90
8.03 1.82 0.90
10.96 2.91 0.90
10.96 2.91 0.90
14.19 3.67 0.90
16.16 4.37 0.90
19.57 4.68 0.90
21.17 5.40 0.90
25.07 6.17 0.90
27.32 7.23 0.90
30.81 7.93 0.90
33.64 8.09 0.90
36.98 7.66 0.90
39.01 8.36 0.90
42.42 8.24 0.90
45.70 8.63 0.90
49.65 8.92 0.90
51.99 10.80 0.90
52.11 13.79 0.90
51.52 15.90 0.90
51.52 15.90 0.90
49.77 18.12 0.90
46.97 17.87 0.90
44.26 16.59 0.90
41.40 17.52 0.90
38.79 17.69 0.90
35.85 18.32 0.90
32.86 18.21 0.90
29.90 17.69 0.90
27.06 16.71 0.90
24.17 17.50 0.90
21.31 18.03 0.90
18.33 18.38 0.90
16.38 17.95 0.90
12.89 16.56 0.90
10.40 18.44 0.90
7.74 19.52 0.90
5.86 21.34 0.90
6.89 25.17 0.90
7.29 28.14 0.90
8.49 30.39 0.90
8.49 30.39 0.90
11.27 31.51 0.90
15.03 31.79 0.90
17.96 32.43 0.90
21.09 33.36 0.90
24.76 34.55 0.90
24.98 34.70 0.90
28.77 35.12 0.90
30.51 36.19 0.90
32.79 37.11 0.90
35.90 37.48 0.90
39.00 38.40 0.90
41.54 38.37 0.90
44.05 38.19 0.90
45.69 37.24 0.90
48.92 38.40 0.90
52.11 38.87 0.90
53.27 41.63 0.90
52.49 45.21 0.90
51.11 48.88 0.90
50.81 49.47 0.90
50.98 50.59 0.90
49.79 54.25 0.90
