2.50 0.00 0.90
5.55 1.51 0.90
7.22 1.97 0.90
10.33 2.99 0.90
12.28 3.59 0.90
15.84 4.69 0.90
19.17 6.12 0.90
20.37 6.46 0.90
23.61 7.04 0.90
25.21 6.97 0.90
28.65 8.22 0.90
31.70 8.73 0.90
31.70 8.73 0.90
34.82 8.87 0.90
37.80 9.20 0.90
40.72 8.77 0.90
42.58 8.66 0.90
45.98 8.47 0.90
49.53 8.74 0.90
50.90 9.42 0.90
51.65 12.32 0.90
51.58 14.38 0.90
50.78 17.46 0.90
47.81 17.64 0.90
44.70 17.42 0.90
41.78 16.70 0.90
39.04 17.37 0.90
36.13 18.13 0.90
33.15 18.42 0.90
30.15 18.21 0.90
27.21 17.67 0.90
24.29 17.14 0.90
21.50 18.24 0.90
18.51 18.15 0.90
15.55 17.63 0.90
12.56 17.41 0.90
9.61 17.96 0.90
8.39 21.34 0.90
8.08 24.87 0.90
8.40 28.59 0.90
10.32 31.87 0.90
13.26 32.45 0.90
17.09 33.30 0.90
20.21 33.92 0.90
24.14 34.25 0.90
27.36 34.90 0.90
28.42 35.32 0.90
29.88 36.17 0.90
32.84 35.72 0.90
36.77 35.90 0.90
37.54 35.89 0.90
41.33 36.23 0.90
45.12 36.77 0.90
46.38 37.54 0.90
49.59 37.91 0.90
51.58 40.15 0.90
51.85 43.14 0.90
52.37 46.10 0.90
52.37 46.10 0.90
51.97 48.89 0.90
51.61 52.71 0.90
51.68 53.09 0.90
51.74 53.57 0.90
