2.50 0.00 0.90
5.48 0.37 0.90
8.44 0.57 0.90
11.93 0.92 0.90
14.63 1.71 0.90
17.60 2.47 0.90
20.63 3.47 0.90
23.21 4.18 0.90
25.85 5.40 0.90
27.03 6.13 0.90
27.03 6.13 0.90
30.47 8.11 0.90
33.37 7.33 0.90
34.56 8.03 0.90
37.39 8.13 0.90
41.07 8.08 0.90
44.65 8.50 0.90
44.65 8.50 0.90
47.70 8.76 0.90
50.73 8.88 0.90
52.44 11.79 0.90
51.75 13.93 0.90
50.27 16.64 0.90
47.58 16.95 0.90
44.59 17.21 0.90
41.94 17.49 0.90
39.01 17.53 0.90
36.06 18.07 0.90
33.06 18.00 0.90
30.06 18.00 0.90
27.06 18.00 0.90
24.06 17.99 0.90
21.41 17.45 0.90
18.57 18.42 0.90
16.08 16.73 0.90
13.08 16.85 0.90
10.60 18.30 0.90
7.24 20.27 0.90
6.31 23.12 0.90
6.34 24.47 0.90
7.55 28.05 0.90
8.22 30.90 0.90
11.49 32.87 0.90
14.50 33.46 0.90
18.30 34.69 0.90
20.07 35.13 0.90
23.10 35.89 0.90
25.69 37.20 0.90
28.46 38.35 0.90
31.42 37.82 0.90
34.18 37.62 0.90
37.13 38.35 0.90
40.77 38.44 0.90
43.88 37.96 0.90
46.90 38.26 0.90
50.11 38.42 0.90
51.61 41.95 0.90
51.78 45.90 0.90
51.54 49.54 0.90
51.54 49.54 0.90
51.17 51.56 0.90
51.54 53.69 0.90
