2.50 1.00 0.00
4.35 3.16 0.96
5.71 5.49 3.00
7.63 8.91 3.19
7.58 10.25 6.64
8.15 12.91 9.32
8.94 12.78 12.96
9.05 15.06 14.90
9.81 15.16 16.83
12.36 15.15 17.36
14.84 17.09 19.48
16.03 19.52 22.16
17.64 22.87 23.39
17.09 25.36 21.81
17.20 28.87 22.66
18.67 31.40 23.14
19.33 34.02 24.34
20.46 37.16 23.42
21.49 40.96 23.88
22.12 43.88 25.00
22.71 44.89 25.64
23.88 47.19 27.05
25.13 48.73 29.15
27.44 49.88 26.97
30.02 51.42 26.99
32.85 52.10 26.66
35.05 52.21 25.07
36.98 54.75 23.21
36.86 54.73 21.54
38.23 55.36 18.95
38.89 54.87 16.56
41.72 54.01 15.49
40.76 53.27 13.35
42.41 54.08 9.84
44.13 53.84 7.39
46.83 54.34 6.18
49.90 53.62 4.95
52.44 55.51 6.03
52.66 55.80 2.35
