2.50 1.00 0.00
3.25 3.72 1.03
5.28 5.81 1.75
4.91 7.96 3.80
6.11 8.44 6.51
5.91 11.30 7.41
6.63 12.93 10.82
6.88 12.30 14.28
7.78 12.92 17.24
8.93 15.09 19.18
10.78 16.95 21.72
10.40 20.39 23.39
9.60 23.16 24.23
12.14 24.74 24.44
12.90 27.62 24.05
15.62 28.35 25.09
17.84 29.63 24.39
18.95 31.35 26.91
20.56 33.88 27.05
22.84 35.39 27.82
23.58 38.18 28.64
23.88 39.99 29.87
25.09 41.91 30.00
26.44 43.62 28.84
27.86 44.84 29.80
29.75 46.76 28.47
32.25 46.86 25.86
34.73 49.12 23.94
36.79 51.76 24.46
37.57 54.80 22.56
38.05 56.65 22.77
41.17 55.01 24.63
43.99 57.01 23.00
44.45 57.52 20.84
45.78 53.95 19.77
45.33 51.96 17.57
47.24 53.02 15.52
49.66 53.76 13.91
50.73 54.56 11.22
51.34 55.56 8.46
51.87 53.88 6.25
54.37 53.45 4.66
57.34 54.48 2.62
