2.50 1.00 0.00
3.49 3.59 1.14
4.76 6.15 2.06
7.14 5.86 3.87
9.45 6.26 5.74
11.98 7.86 5.50
12.16 10.67 6.54
15.08 10.46 7.20
16.09 12.65 8.98
16.97 15.01 10.62
17.15 17.35 12.49
19.01 17.52 14.84
20.89 18.36 17.02
20.01 16.31 19.03
21.95 17.53 20.97
21.55 20.13 22.41
24.01 19.79 24.10
25.18 22.55 24.09
27.03 24.92 24.17
26.77 27.89 23.88
26.17 30.79 24.38
25.12 33.43 23.43
27.87 34.63 23.37
26.79 37.37 23.94
24.95 39.56 23.01
26.60 41.64 21.62
26.98 43.11 24.20
27.95 45.80 25.13
30.73 46.90 24.87
33.44 47.99 25.53
35.71 49.32 26.98
38.08 50.94 27.84
39.60 51.18 25.27
42.49 51.47 26.01
44.73 53.45 25.75
46.53 53.39 23.34
49.15 54.85 23.21
50.26 52.81 21.31
50.17 52.52 18.33
49.01 51.54 15.74
47.89 53.95 14.35
50.53 53.97 12.93
52.42 53.68 10.61
51.83 54.66 7.84
54.79 54.38 7.49
57.59 54.79 8.49
58.46 55.54 5.72
56.58 53.60 4.41
