2.50 0.00 3
5.48 0.37 3
8.47 0.54 3
11.46 0.82 3
11.38 3.82 3
13.83 5.55 3
16.83 5.59 3
19.59 6.78 3
21.13 9.35 3
24.09 8.86 3
27.08 8.55 3
30.08 8.66 3
33.02 8.10 3
34.79 5.67 3
37.75 6.16 3
39.58 8.53 3
42.48 7.75 3
45.47 7.56 3
48.02 9.14 3
49.52 6.55 3
51.95 8.32 3
52.71 11.22 3
52.34 14.19 3
50.55 16.60 3
47.55 16.81 3
44.67 17.65 3
41.76 16.93 3
38.93 17.92 3
36.07 17.00 3
33.10 17.37 3
30.10 17.19 3
27.28 18.19 3
24.32 17.71 3
21.39 18.36 3
18.78 16.88 3
15.82 17.35 3 
12.93 16.54 3
10.29 17.97 3
7.29 17.98 3
7.41 20.98 3
7.01 23.95 3
8.14 26.73 3
8.49 29.71 3
8.00 32.67 3
7.43 35.62 3
10.07 37.05 3
12.72 38.46 3
14.29 35.91 3
17.23 36.49 3
19.73 38.15 3
22.73 38.11 3
22.99 35.12 3
25.97 35.45 3
28.81 36.43 3
31.16 38.29 3
32.99 35.91 3
35.72 34.67 3
38.27 36.25 3
41.24 36.69 3
44.12 35.84 3
46.26 33.74 3
49.26 33.86 3
52.26 33.91 3
52.65 36.89 3
52.72 39.89 3
52.81 42.89 3
55.70 42.08 3
56.65 44.93 3
55.71 47.78 3
53.81 50.10 3
55.09 52.82 3
52.13 53.31 3
51.57 56.26 3
48.84 55.01 3
