2.50 0.00 0.90
6.15 0.37 0.90
9.85 1.12 0.90
13.47 0.84 0.90
16.95 0.99 0.90
19.95 1.02 0.90
22.95 0.96 0.90
24.36 1.07 0.90
28.18 2.15 0.90
30.19 2.00 0.90
34.00 2.77 0.90
36.74 4.15 0.90
39.78 4.87 0.90
41.97 5.42 0.90
44.50 6.82 0.90
47.32 7.83 0.90
49.63 8.85 0.90
52.18 10.37 0.90
52.45 13.69 0.90
52.83 15.51 0.90
49.73 17.03 0.90
46.55 17.36 0.90
43.48 17.70 0.90
40.50 18.09 0.90
40.50 18.09 0.90
37.50 18.03 0.90
34.50 18.02 0.90
31.50 17.91 0.90
28.76 18.25 0.90
25.70 17.59 0.90
22.81 18.39 0.90
19.87 17.79 0.90
16.95 18.49 0.90
14.04 18.20 0.90
11.09 17.69 0.90
8.21 18.55 0.90
6.93 21.27 0.90
7.68 24.01 0.90
7.70 27.10 0.90
8.00 29.85 0.90
10.24 31.63 0.90
12.94 32.94 0.90
12.94 32.94 0.90
15.72 33.90 0.90
19.62 34.63 0.90
22.99 35.18 0.90
26.55 36.21 0.90
29.78 36.25 0.90
32.13 37.02 0.90
35.37 37.17 0.90
38.18 38.20 0.90
40.29 37.95 0.90
43.36 37.61 0.90
43.36 37.61 0.90
47.11 37.99 0.90
50.18 38.44 0.90
52.20 40.60 0.90
52.96 43.77 0.90
53.46 46.73 0.90
53.37 49.56 0.90
52.29 51.53 0.90
50.72 54.09 0.90
