2.50 1.00 0.00
0.79 3.05 1.37
2.59 5.45 1.33
5.46 5.22 2.16
7.47 7.10 3.35
7.17 7.18 6.33
9.43 9.08 6.85
10.74 9.75 9.46
12.79 11.79 10.25
14.31 14.33 10.73
16.23 16.20 12.10
19.10 17.03 12.30
21.83 17.65 13.39
22.56 14.91 14.37
25.10 14.05 13.03
26.09 11.30 13.70
28.69 9.90 14.24
31.51 9.02 14.77
33.26 9.47 17.17
34.19 10.92 19.62
35.10 13.04 21.54
36.55 15.10 23.17
37.30 17.05 25.33
38.61 19.59 26.22
41.48 19.41 27.07
43.76 20.53 28.68
44.89 20.12 31.42
46.31 22.72 31.88
47.08 25.62 32.04
49.85 25.71 33.20
51.92 27.15 34.81
51.10 30.04 34.73
48.72 31.80 35.18
50.31 34.31 35.61
48.63 36.08 33.86
48.36 39.05 33.56
48.67 42.03 33.64
49.00 44.49 31.95
51.59 45.50 30.82
51.99 48.46 30.59
49.89 49.35 28.63
49.12 50.56 26.00
48.70 50.85 23.04
46.92 51.83 20.84
47.22 53.00 18.09
46.52 54.88 15.86
48.36 54.07 13.64
49.34 52.35 11.38
49.21 53.01 8.45
50.88 51.96 6.20
52.24 54.58 5.68
53.54 54.31 2.99
