2.50 1.00 0.00
4.62 3.08 0.46
6.91 3.02 2.40
8.79 5.25 3.07
11.29 5.59 4.70
13.57 7.44 5.33
16.36 7.86 6.36
18.65 9.11 7.84
17.85 11.98 8.15
19.59 14.36 8.67
21.58 16.61 8.75
24.34 15.94 9.74
27.04 16.30 10.99
27.91 18.37 12.98
29.84 17.72 15.17
30.58 15.35 16.85
32.40 16.80 18.75
34.07 14.35 18.27
36.56 12.69 18.11
37.49 11.60 15.47
39.13 11.69 12.96
41.66 10.08 12.97
43.54 12.29 12.19
45.96 11.41 10.65
48.12 13.48 10.51
49.37 15.93 9.31
47.09 17.86 8.96
46.17 20.12 7.22
46.67 23.07 7.43
46.79 26.06 7.64
47.94 28.45 6.23
50.78 28.83 5.37
52.24 30.25 3.16
50.82 32.63 4.33
49.23 35.06 3.56
50.52 37.73 3.14
51.59 39.58 5.24
52.43 42.44 4.90
51.46 45.20 5.58
48.57 44.42 5.85
47.82 46.15 3.51
48.58 48.91 4.39
47.84 50.84 6.56
49.86 52.86 7.48
52.83 53.23 7.32
54.60 54.78 5.47
