2.50 1.00 0.00
4.41 1.18 2.31
6.42 3.28 3.04
7.57 5.70 4.39
10.31 6.93 4.26
12.67 7.74 5.92
15.66 7.52 5.92
18.44 8.30 6.75
20.31 9.88 8.48
22.24 11.84 9.67
22.11 11.44 12.64
23.94 10.15 14.64
25.83 11.60 16.47
24.70 12.66 19.04
22.81 13.07 21.33
22.39 15.75 22.62
21.58 18.38 23.82
20.74 21.18 23.15
18.40 21.13 25.03
17.52 23.94 24.43
16.55 26.53 23.27
16.67 29.17 21.86
15.12 31.70 22.36
15.65 34.54 21.56
17.97 36.37 22.09
18.92 35.94 24.90
21.49 37.32 24.18
23.27 39.26 25.61
24.69 41.78 26.41
25.54 43.33 28.84
28.05 44.97 28.85
28.84 46.65 26.49
31.36 47.62 25.19
33.66 48.59 26.86
34.91 51.29 27.19
37.41 52.24 25.83
36.47 54.87 24.73
37.28 55.60 21.93
39.37 55.29 19.81
39.77 54.49 16.95
40.28 52.57 14.70
42.66 52.77 12.89
41.29 52.25 10.27
40.68 51.13 7.56
43.26 50.26 6.30
45.86 48.88 6.89
47.51 46.75 5.57
50.13 45.44 6.24
52.33 46.58 4.56
50.88 48.39 6.47
49.50 50.91 7.30
50.79 53.56 7.90
51.44 56.49 7.95
53.27 57.09 5.66
53.02 58.83 3.23
54.42 56.20 2.90
