2.50 1.00 0.00
4.48 2.68 1.50
6.52 4.44 2.82
9.42 4.28 3.57
12.05 5.52 4.32
14.92 4.83 3.82
16.02 7.31 5.10
18.27 9.29 5.34
20.32 10.50 7.16
21.37 12.76 8.83
21.55 15.46 10.11
24.16 16.39 8.97
25.15 18.35 6.92
27.99 17.95 7.78
28.27 20.75 6.73
29.82 23.25 7.32
31.86 25.44 7.19
34.70 24.92 8.01
37.28 23.40 8.01
39.26 25.48 7.13
40.68 28.12 7.31
43.66 28.06 7.64
46.26 26.57 7.81
47.68 29.20 8.06
47.73 32.08 7.24
50.27 33.57 7.83
50.45 35.88 5.92
50.26 38.76 6.71
50.83 41.71 6.76
53.23 43.38 6.07
51.49 43.86 3.68
50.35 46.59 4.16
49.47 49.00 2.60
50.25 51.80 3.34
52.84 51.36 4.79
55.20 52.75 6.02
54.83 55.06 4.13
