2.50 1.00 0.00
4.72 2.35 1.50
7.48 2.00 3.73
8.01 3.42 4.16
9.67 5.89 4.57
12.79 6.68 6.56
15.75 7.78 7.49
15.93 10.97 8.89
18.37 13.87 8.79
16.96 16.99 8.58
18.33 17.89 6.07
20.50 19.95 5.85
22.52 20.42 3.68
24.83 21.89 4.91
27.89 20.50 4.17
31.12 20.86 2.46
34.85 20.63 2.01
38.10 21.65 1.21
40.08 20.22 2.94
43.02 20.99 1.22
43.54 22.80 2.35
46.84 22.81 1.20
49.13 23.93 3.46
49.05 26.91 3.78
50.48 29.25 5.00
51.58 31.86 5.97
51.42 34.65 4.88
50.20 35.66 2.33
50.09 38.65 2.15
50.01 41.56 2.89
49.99 44.11 1.32
49.18 46.46 2.61
51.45 47.59 3.36
52.11 50.48 2.93
51.95 53.76 4.87
54.09 55.74 6.04
56.37 57.24 4.80
56.40 55.02 2.90
