2.50 1.00 0.00
3.63 3.13 1.79
5.51 4.81 4.29
6.54 6.74 5.37
8.63 9.42 7.17
9.76 9.74 9.76
11.18 11.03 12.57
13.11 12.68 14.86
15.90 13.68 15.30
15.89 14.60 17.53
14.82 14.43 20.79
15.47 17.35 20.94
14.56 19.71 22.57
15.00 22.58 21.83
15.08 25.43 22.78
15.02 28.55 24.04
14.42 31.30 25.32
16.23 33.48 24.33
18.27 35.74 23.50
19.69 38.19 24.47
21.53 39.19 26.79
23.68 41.83 25.01
23.40 43.93 25.09
26.13 45.30 24.61
26.50 45.94 23.32
28.57 48.43 21.82
30.52 50.19 21.58
31.82 52.38 20.00
31.74 54.37 17.31
33.97 55.00 16.02
36.46 55.79 13.70
39.99 56.06 11.95
42.09 56.12 10.56
44.64 54.62 9.30
47.65 53.92 7.89
51.00 52.00 7.00
53.76 52.00 5.82
55.25 54.41 4.83
56.81 54.04 2.30
